  加速度X： 加速度Y： 加速度Z：  角速度X： 角速度Y： 角速度Z：    角度X：   角度Y：   角度Z：
     -0.00     -0.94      0.07      -1.22      0.00      2.38     -88.52      5.79     82.27  
      0.00     -0.97      0.06      -5.07     -0.37      2.14     -88.64      5.70     82.45  
      0.01     -1.21      0.03      -5.74      1.10      1.83     -89.15      5.57     82.56  
     -0.00     -1.13      0.05      -2.93      0.73     -0.85     -89.49      5.32     82.62  
      0.01     -0.97      0.07      -5.80     -0.24      1.83     -89.57      5.03     82.66  
      0.01     -0.97      0.05     -11.05     -1.22      2.99     -90.23      4.95     82.81  
      0.02     -0.86      0.02     -12.33     -0.37      0.92     -91.25      4.68     83.06  
     -0.00     -0.86      0.07      -5.49      0.37      0.92     -91.88      4.37     82.79  
      0.02     -0.98     -0.01      -4.88     -5.92      2.69     -91.82      4.26     83.06  
      0.07     -0.92     -0.03     -16.72      5.62      1.22     -93.17      3.97     83.12  
     -0.14     -1.03      0.05     -13.73     -7.08     -3.23     -94.63      4.00     82.84  
      0.07     -0.97     -0.11     -18.43     11.41      4.39     -96.91      3.47     83.60  
     -0.01     -0.97     -0.06     -10.01     10.38      2.69     -97.98      3.38     82.05  
      0.01     -1.00     -0.07      -4.03      3.30      2.50     -98.74      3.42     81.61  
      0.02     -0.96     -0.06       1.77     -0.31      0.06     -98.52      3.32     81.50  
     -0.02     -0.97     -0.06      23.99      2.69      5.25     -97.59      3.23     81.54  
      0.09     -0.84     -0.03      21.24     -6.23     12.94     -94.39      3.76     81.51  
      0.02     -0.95     -0.05       9.64     -2.69      4.15     -92.57      3.90     81.25  
      0.03     -0.92     -0.00      14.47     -0.73      1.46     -91.15      3.77     81.46  
      0.06     -0.90      0.01       1.16      0.61      1.10     -90.21      3.30     81.59  
      0.04     -1.02      0.03      -2.08      4.94      0.43     -90.08      2.86     81.26  
      0.05     -1.01      0.04      -3.17      2.38      0.06     -90.21      2.60     81.11  
      0.04     -1.08      0.06      -2.01      4.03      2.14     -90.42      2.47     80.82  
      0.06     -1.30      0.04      -5.80      0.67      2.69     -90.64      2.29     80.90  
      0.05     -1.32      0.01      -4.70     -3.30      4.64     -91.13      2.38     81.13  
      0.06     -1.13      0.01      -4.33     -3.60      6.16     -91.26      2.70     81.63  
      0.05     -0.95      0.02      -6.53      0.85      7.14     -91.59      3.10     81.92  
      0.04     -0.78      0.05      -8.97      3.30      7.39     -92.26      3.40     81.74  
     -0.03     -0.70      0.12      -2.62      7.87      4.46     -92.56      3.55     80.86  
      0.03     -1.06      0.15      11.72     -5.19      5.74     -91.24      3.79     80.86  
      0.02     -0.96      0.01      11.17      6.23      8.24     -90.23      3.91     81.00  
      0.02     -0.97     -0.02      -1.16     11.05      4.03     -89.73      4.09     80.49  
     -0.03     -0.96      0.01      -1.95     20.75      5.62     -90.09      4.43     79.00  
     -0.14     -0.98      0.02      14.04     13.43      1.16     -89.58      5.02     77.27  
     -0.04     -0.96      0.13      12.21    -43.27     -2.26     -88.42      4.86     78.99  
      0.38     -0.90      0.05       0.98     -2.93      6.53     -87.58      3.83     82.38  
      0.14     -1.03      0.16      -7.14      9.40     15.32     -88.10      3.77     80.96  
      0.26     -1.00      0.14       7.45     20.45      6.29     -87.95      4.00     80.57  
     -0.46     -0.97      0.08       3.11     32.90      3.30     -85.93      5.15     76.31  
     -0.18     -1.01     -0.11      -7.45    -29.79     -1.40     -87.10      6.54     77.82  
     -0.14     -0.97      0.14      29.36      1.83      6.84     -85.91      6.69     79.24  
      0.12     -1.09      0.19       4.09    -20.14      3.54     -83.79      7.27     80.10  
      0.04     -1.02      0.11       1.28      7.08      2.26     -83.85      6.69     79.91  
      0.11     -0.93      0.16       0.67     10.80     -1.40     -83.66      6.17     79.45  
      0.06     -0.93      0.21       3.30     11.60     -0.92     -83.28      5.62     78.33  
      0.06     -1.00      0.19      -4.33      2.50      1.71     -83.14      5.20     77.92  
      0.07     -1.06      0.15      -5.13     -2.69      3.36     -83.42      5.06     78.43  
      0.00     -1.01      0.17      -6.29     -3.91      5.49     -83.82      5.05     79.01  
     -0.04     -0.96      0.16      -1.16     -6.65      8.73     -84.04      5.47     79.93  
     -0.05     -0.95      0.15      -4.21     -6.35      9.22     -84.05      6.11     80.79  
     -0.03     -0.89      0.11      -7.69     -4.52      8.54     -84.34      6.78     81.39  
     -0.03     -1.08      0.05     -18.49     -9.28      2.87     -85.82      6.87     82.28  
      0.06     -1.15      0.02     -23.86    -12.88     -0.98     -88.18      6.44     84.09  
     -0.01     -1.04      0.08     -26.06     13.00     -4.03     -90.51      5.47     83.94  
     -0.11     -0.72      0.14     -15.44     -5.37     -5.62     -91.21      5.35     82.99  
      0.06     -0.79      0.13      -3.97    -12.27     -3.36     -91.26      5.03     84.00  
      0.04     -1.06      0.10     -10.38     18.31      5.43     -90.77      4.93     83.52  
      0.03     -0.99      0.10      22.09     10.56      9.64     -89.36      5.43     82.33  
     -0.02     -0.96      0.15      18.25     14.95      7.69     -87.42      5.73     80.65  
      0.02     -0.81      0.16      44.62      3.11     10.99     -83.47      6.41     79.54  
      0.03     -0.92      0.17      49.80      8.79      1.95     -78.91      7.04     79.73  
      0.03     -1.02      0.21      26.00    -13.06      5.49     -75.02      6.75     80.67  
      0.03     -1.04      0.25      11.05     -1.77      5.00     -73.05      6.56     81.43  
     -0.06     -1.21      0.35       2.44      7.81      3.66     -72.41      6.86     81.32  
     -0.09     -1.00      0.34      -4.27      0.49      3.05     -72.58      7.15     81.23  
     -0.07     -0.78      0.36      -1.59     -0.55      7.08     -72.52      7.52     81.55  
     -0.07     -0.89      0.34      -8.61     -4.39      4.64     -72.56      7.98     82.13  
     -0.03     -1.00      0.31      -5.43      0.73      0.55     -73.09      7.77     82.71  
     -0.08     -0.99      0.29     -12.94      6.35     -0.79     -73.73      7.59     82.40  
     -0.08     -1.05      0.20     -33.63      2.38     -0.24     -76.33      7.48     82.30  
     -0.04     -1.01      0.16     -42.18     -4.03      0.73     -80.41      7.16     82.67  
      0.01     -0.93      0.18     -34.85    -16.11     -1.71     -83.87      6.62     83.75  
      0.07     -0.89      0.20     -29.05     -7.32     -2.99     -86.53      5.54     85.08  
      0.02     -1.03      0.17     -22.22      7.14     -1.16     -88.84      4.92     84.54  
     -0.01     -1.02      0.10       1.59     -1.16     -0.92     -89.46      4.54     84.02  
      0.02     -0.99      0.14      12.82    -16.72      1.40     -88.33      4.31     84.57  
      0.11     -0.94      0.16      35.46      3.17     12.27     -85.60      4.33     85.21  
     -0.03     -0.76      0.20      64.51     13.00     11.54     -79.49      5.37     84.01  
     -0.07     -0.87      0.18      35.10      5.86     17.27     -74.33      7.09     83.53  
     -0.08     -0.96      0.26       6.71      8.97     10.68     -72.76      8.47     83.44  
     -0.10     -1.20      0.34      -4.46      9.58      2.44     -72.81      9.12     82.93  
     -0.12     -1.20      0.34      -7.81      8.97      0.31     -73.71      9.24     82.46  
     -0.10     -0.89      0.32      -6.10      1.34     -0.49     -74.43      9.35     82.12  
     -0.07     -0.79      0.27     -11.41      5.07     -0.73     -75.18      9.12     81.85  
     -0.07     -0.93      0.27     -15.56      6.10     -0.12     -76.44      8.93     81.50  
     -0.07     -1.15      0.27     -17.70     -1.34     -4.33     -78.01      8.49     81.47  
     -0.02     -1.21      0.21     -21.36      1.40     -3.78     -80.02      7.64     81.85  
     -0.02     -1.10      0.17     -24.41      0.98     -2.01     -82.39      6.97     82.01  
     -0.03     -0.89      0.13     -24.29     -3.30     -6.04     -84.91      6.32     82.21  
      0.03     -0.78      0.11     -35.28     -8.67     -5.00     -87.52      5.30     82.88  
      0.05     -0.87      0.08     -26.37     -5.62     -1.10     -90.13      4.55     83.52  
      0.05     -0.96      0.06     -24.11      0.00      2.01     -92.25      4.26     83.56  
     -0.01     -1.08      0.04      -5.98     -4.21     -0.43     -93.76      4.13     83.41  
      0.02     -0.99     -0.01       3.17      7.57      1.83     -93.68      3.75     83.15  
     -0.04     -1.00      0.03      12.70      2.20      2.50     -92.86      3.66     82.29  
      0.06     -0.97      0.11      28.08     -1.89      5.62     -90.54      3.89     82.49  
      0.00     -0.80      0.13      41.32     10.93     10.25     -86.51      4.38     81.73  
     -0.00     -0.92      0.14      21.79    -13.43     13.92     -82.47      5.26     81.93  
     -0.01     -0.87      0.13       4.82    -18.74     10.38     -80.71      5.87     83.51  
     -0.03     -1.06      0.17       8.85     -3.66     11.78     -80.23      6.57     84.81  
     -0.01     -1.03      0.22      10.99      1.71      8.73     -79.14      7.16     85.00  
     -0.06     -1.07      0.21       6.84      7.57      6.90     -78.56      7.61     84.61  
     -0.08     -1.19      0.25      -2.14      2.69      3.36     -78.36      7.98     84.24  
     -0.05     -1.08      0.26      -0.55      4.09      1.77     -78.63      7.97     84.09  
     -0.04     -0.92      0.26       1.65      1.59      2.44     -78.43      7.94     83.84  
     -0.04     -0.81      0.23      -3.48      2.81     -0.06     -78.34      7.79     83.57  
     -0.06     -0.94      0.24      -8.00     -0.31      0.61     -78.78      7.65     83.43  
     -0.03     -1.27      0.26     -13.18      0.43      0.55     -79.51      7.46     83.53  
     -0.08     -1.11      0.21     -20.51     -4.09      3.36     -81.08      7.58     83.80  
     -0.03     -0.92      0.15     -18.74    -10.38     -0.49     -82.90      7.34     84.89  
     -0.03     -0.79      0.10     -22.46    -10.50     -7.51     -84.78      6.42     85.78  
     -0.09     -0.78      0.06     -47.61    -20.39     -9.77     -88.09      5.27     86.88  
      0.15     -0.96      0.07     -44.37    -10.19      0.00     -92.42      4.00     88.54  
     -0.00     -0.95      0.01     -11.17    -29.11     -1.95     -93.46      4.30     89.20  
      0.04     -0.99     -0.09     -12.51      3.91      4.09     -95.19      4.08     89.95  
     -0.03     -1.02      0.02       6.23      8.85      2.99     -95.43      4.16     88.68  
      0.00     -1.00      0.03      21.61     13.06      5.92     -93.85      4.21     87.54  
      0.12     -0.77      0.10      25.33     10.99     12.45     -90.87      4.47     85.84  
     -0.21     -0.75      0.18      52.12     31.56      1.71     -86.31      5.43     82.88  
      0.02     -0.84      0.10      12.08      2.75      6.96     -83.66      6.38     83.27  
      0.06     -1.03      0.13       4.76     14.47      7.26     -83.01      6.72     82.75  
     -0.06     -1.04      0.16       9.83     16.78      8.30     -82.19      7.42     81.17  
     -0.13     -1.03      0.20      10.86      7.87      9.28     -81.02      8.49     80.11  
     -0.14     -1.11      0.20      -0.12      4.21      6.59     -80.62      9.25     80.01  
     -0.11     -1.30      0.22      -7.45     -1.46      0.73     -81.13      9.23     80.32  
     -0.08     -1.19      0.21      -0.79      1.83      1.53     -81.37      9.00     80.60  
     -0.05     -0.80      0.21      -1.22      0.98      1.46     -81.25      8.83     80.74  
     -0.06     -0.69      0.21      -5.07      0.06      2.81     -81.29      8.71     80.84  
     -0.07     -1.01      0.18      -5.49     -8.97      0.79     -81.44      8.65     81.45  
     -0.07     -1.15      0.17     -11.66     -3.66      2.87     -81.93      8.37     81.96  
     -0.06     -0.90      0.17      -4.03      2.81      1.83     -82.56      8.18     82.24  
     -0.12     -0.99      0.13      10.01      6.77      2.14     -82.34      8.10     82.08  
     -0.31     -1.39      0.06     -16.30      7.45      0.31     -82.77      7.82     80.59  
      0.00     -0.63      0.18     -23.86      0.73      6.96     -84.42      8.38     80.20  
      0.05     -0.80      0.25     -18.13     10.68     -4.58     -85.37      7.87     79.59  
      0.16     -1.06      0.17     -18.49     -8.97      1.40     -86.81      6.64     80.15  
      0.12     -0.96      0.15      -6.59     -4.94      0.49     -87.51      5.99     80.60  
      0.22     -0.93      0.15       5.98     -1.34      9.03     -87.04      5.56     81.30  
      0.20     -0.92      0.15       0.79      9.40     16.66     -86.43      5.84     80.95  
      0.03     -1.09      0.10       8.18      7.02      9.22     -86.12      6.51     80.73  
     -0.26     -1.06      0.06       8.30     -4.15      4.09     -84.20      7.39     79.34  
     -0.47     -0.75      0.07      -6.41      3.91      8.54     -84.42      8.93     78.63  
     -0.11     -0.91      0.14       0.18    -17.33      2.56     -84.38     10.34     80.95  
     -0.15     -1.13      0.12       2.69     -4.94      3.66     -84.10     10.28     82.06  
     -0.11     -0.91      0.14       2.14    -11.84     -0.49     -83.92     10.16     83.13  
     -0.04     -0.83      0.13       4.15    -16.30     -3.05     -82.96      9.51     84.47  
      0.00     -0.98      0.15      -2.01     -8.97     -1.04     -82.53      8.79     85.51  
     -0.01     -1.06      0.15      -8.91     -1.46     -2.93     -82.96      8.06     85.73  
     -0.03     -1.15      0.15     -10.86      1.65     -1.59     -83.86      7.44     85.69  
     -0.03     -1.25      0.12     -12.21     -4.03      0.61     -84.96      7.10     85.74  
     -0.05     -1.22      0.11      -7.81     -1.65      4.33     -85.77      7.09     85.94  
     -0.05     -1.02      0.10     -10.19     -3.48      3.78     -86.43      7.25     86.28  
     -0.02     -0.91      0.04     -18.49     -1.40      1.53     -87.92      7.09     86.72  
     -0.03     -0.70      0.06     -28.75     -0.98     -7.45     -90.10      6.36     86.69  
      0.03     -0.82      0.07     -23.50     -8.36     -6.65     -92.22      5.21     87.03  
      0.03     -1.00      0.03     -13.24      5.74      2.62     -93.42      4.81     86.84  
      0.00     -1.01      0.04      -4.82      7.75     -0.12     -94.11      4.55     86.13  
     -0.04     -1.00      0.01       6.77      3.36     -0.24     -93.85      4.24     85.36  
     -0.03     -0.91      0.06      15.38     -7.81      4.64     -92.24      4.34     85.18  
     -0.03     -0.85      0.07      30.82      1.77     11.23     -89.64      5.11     85.66  
      0.08     -0.83      0.04      10.62    -12.15      6.53     -87.40      5.40     86.50  
      0.01     -1.06      0.06       8.36      3.23      3.97     -86.39      5.26     86.24  
      0.01     -0.99      0.09       7.69      6.84      2.01     -85.69      5.34     85.86  
      0.02     -0.99      0.12       2.56      0.73      3.97     -85.06      5.30     85.53  
      0.02     -1.13      0.16       3.48      6.04      3.11     -84.70      5.28     85.16  
      0.01     -1.18      0.13      -3.85     -1.46      4.88     -84.77      5.42     85.04  
      0.02     -1.23      0.11      -8.36     -0.85      2.93     -85.33      5.49     85.15  
     -0.02     -1.14      0.11      -6.84      2.14      3.36     -85.93      5.52     85.09  
     -0.01     -1.02      0.09     -11.54     -1.53      4.52     -86.79      5.60     85.21  
     -0.01     -0.92      0.08     -14.53     -5.74      1.59     -88.03      5.64     85.75  
      0.00     -0.76      0.04     -26.25     -5.55     -6.35     -89.54      5.02     86.28  
      0.01     -0.83      0.07     -15.62     -6.23     -5.49     -91.31      4.14     86.55  
      0.07     -0.92      0.02     -33.14      3.48      0.24     -93.42      3.36     86.57  
      0.10     -1.01     -0.01     -13.18     -9.58     -4.39     -94.58      3.10     86.24  
      0.02     -0.99     -0.06      -3.30     15.14      0.98     -95.47      2.39     85.65  
      0.01     -0.98      0.01       6.16      3.48      3.72     -95.10      2.42     84.77  
     -0.00     -0.96      0.07      15.32      9.70      6.53     -93.50      2.75     83.58  
      0.05     -0.78      0.03      33.51      9.03     15.62     -90.42      3.60     82.92  
      0.03     -0.88      0.04      12.88    -17.09     13.92     -87.03      4.67     82.61  
     -0.01     -0.98      0.05       8.06     -2.93      7.02     -86.33      5.20     83.31  
      0.03     -1.01      0.07       4.27     -3.05      7.87     -85.89      5.48     84.00  
      0.02     -1.01      0.12      12.70      7.75      5.68     -84.68      5.77     83.73  
      0.01     -1.15      0.17       8.91     10.56      1.46     -83.34      5.91     82.42  
     -0.05     -1.14      0.16       4.15     10.86      2.56     -82.94      6.12     81.34  
     -0.06     -1.02      0.17      -1.46      3.85      4.88     -82.90      6.39     81.11  
     -0.03     -1.01      0.15      -7.45     -0.85      3.36     -83.28      6.57     81.36  
     -0.00     -1.13      0.12     -12.70      2.69      0.98     -84.28      6.46     81.58  
     -0.02     -1.06      0.10     -10.93      3.72      1.22     -85.50      6.20     81.58  
     -0.04     -0.92      0.11     -10.50      2.56      1.95     -86.45      6.10     81.40  
      0.00     -0.71      0.11     -15.56      4.09      1.04     -87.54      5.88     81.46  
     -0.02     -0.89      0.08     -18.49      7.69      0.43     -88.98      5.55     81.13  
     -0.02     -0.93      0.12     -12.27      1.28      3.17     -90.16      5.66     80.62  
      0.01     -1.00      0.11       2.32      8.18      5.98     -90.36      5.78     80.42  
     -0.05     -0.97      0.11      20.02     -0.98      5.74     -88.81      6.16     79.78  
     -0.00     -0.86      0.12      24.05     -4.64      7.93     -86.12      6.63     79.91  
     -0.03     -0.94      0.18      25.33      1.34     -0.67     -83.25      6.70     79.96  
     -0.02     -1.00      0.22      31.25      3.85      5.31     -80.66      6.85     80.82  
      0.01     -1.05      0.25      21.30      0.37      9.83     -77.97      7.27     81.46  
     -0.02     -0.95      0.28      13.06     -3.17      8.18     -76.16      7.73     81.98  
      0.00     -0.96      0.29       0.24      0.24      4.88     -75.28      7.77     82.58  
     -0.03     -0.98      0.29      -5.43      2.62      1.04     -75.47      7.72     82.49  
     -0.05     -0.90      0.29      -4.88      2.14      1.95     -75.78      7.64     82.43  
     -0.08     -0.88      0.27      -2.01      4.03      0.85     -75.99      7.69     82.42  
     -0.09     -1.11      0.31       1.71      0.12     -0.49     -75.77      7.59     82.49  
     -0.04     -1.00      0.32       5.62     -6.47      1.83     -75.31      7.38     83.11  
      0.00     -0.89      0.32      -0.43     -6.41      2.32     -74.86      7.06     83.94  
      0.01     -0.94      0.31       2.56      2.81      4.46     -74.62      6.88     84.34  
     -0.03     -1.00      0.34       1.40      4.58      5.68     -74.10      7.18     84.08  
     -0.02     -0.96      0.31      -4.76      0.55      3.91     -74.24      7.44     84.11  
     -0.01     -1.03      0.27     -16.60      1.10     -0.31     -75.15      7.38     84.30  
     -0.01     -1.02      0.21     -26.25     -0.98     -2.62     -77.48      6.87     84.41  
     -0.00     -0.96      0.16     -41.87      0.18     -4.27     -80.96      6.19     84.52  
      0.01     -0.92      0.10     -50.29      3.48     -5.19     -85.50      5.29     84.52  
     -0.02     -0.94      0.03     -55.60      4.15     -3.05     -90.86      4.51     84.35  
     -0.01     -0.94      0.03     -42.54     -2.50     -5.00     -95.33      3.81     84.08  
      0.03     -0.94     -0.07     -34.18     -6.84     -2.01     -98.83      3.34     84.63  
      0.04     -1.03     -0.21     -17.15    -13.79     -0.73    -101.46      3.16     85.65  
      0.03     -0.93     -0.13     -10.13     -2.99      0.12    -102.37      2.87     85.90  
      0.02     -0.94     -0.21     -12.27      2.32      1.46    -103.67      2.73     86.07  
      0.04     -0.94     -0.22     -12.76      0.18      0.61    -104.91      2.48     85.87  
      0.04     -0.94     -0.23     -11.54      1.95     -0.24    -106.18      2.13     85.62