  加速度X： 加速度Y： 加速度Z：  角速度X： 角速度Y： 角速度Z：    角度X：   角度Y：   角度Z：
      0.06     -0.93     -0.23      -1.22      1.71      3.11    -106.58      0.94     82.80  
      0.06     -0.93     -0.23      -0.06      1.34      3.05    -106.42      0.94     82.74  
      0.06     -0.93     -0.23      -1.59      0.12      2.81    -106.32      0.93     82.69  
      0.06     -0.93     -0.23      -0.98     -0.24      2.81    -106.33      0.94     82.79  
      0.06     -0.93     -0.23      -2.08     -1.16      2.87    -106.30      0.96     82.94  
      0.06     -0.93     -0.24      -2.62     -2.62      2.69    -106.35      0.99     83.16  
      0.06     -0.93     -0.23      -1.34     -2.01      2.14    -106.38      1.01     83.39  
      0.06     -0.93     -0.22       1.65     -1.59      3.11    -106.25      1.06     83.63  
      0.06     -0.93     -0.21       5.86      1.65      3.85    -105.74      1.13     83.66  
      0.06     -0.92     -0.22       2.14      2.69      4.27    -105.21      1.17     83.39  
      0.07     -0.94     -0.23       3.85      2.99      6.41    -105.02      1.33     83.34  
      0.05     -0.93     -0.19       6.04      4.46      4.09    -104.25      1.45     82.98  
      0.05     -0.93     -0.17       0.12      1.46      3.11    -103.72      1.47     82.80  
      0.05     -0.95     -0.19      -2.99      0.61      3.42    -103.72      1.49     82.67  
      0.06     -0.94     -0.18       2.87      3.30      5.25    -103.33      1.55     82.46  
      0.06     -0.95     -0.17       4.46      2.44      6.10    -102.84      1.73     82.23  
      0.04     -0.94     -0.13       2.69      1.22      2.38    -102.18      1.82     81.91  
      0.03     -0.96     -0.14      -0.43     -3.05      2.20    -101.98      1.90     82.20  
      0.05     -0.95     -0.15      -0.73     -5.62      1.59    -101.81      1.94     82.85  
      0.05     -0.95     -0.15      -0.79     -4.03      0.92    -101.76      1.88     83.45  
      0.05     -0.95     -0.14      -2.56     -3.42      2.08    -101.66      1.79     83.79  
      0.05     -0.96     -0.16      -2.08     -2.56      2.56    -101.80      1.77     84.13  
      0.05     -0.94     -0.15      -4.27     -1.95      2.69    -101.79      1.74     84.31  
      0.05     -0.95     -0.17      -1.95      0.18      2.81    -102.06      1.76     84.44  
      0.06     -0.95     -0.16      -1.53      1.28      2.62    -102.07      1.72     84.41  
      0.05     -0.95     -0.16      -1.40      2.81      3.23    -102.16      1.72     84.31  
      0.05     -0.95     -0.16      -2.14      3.17      3.42    -102.18      1.74     84.12  
      0.04     -0.95     -0.16      -3.30      0.98      4.27    -102.30      1.84     83.97  
      0.05     -0.95     -0.18      -3.36      0.00      3.72    -102.50      1.96     83.89  
      0.04     -0.94     -0.16      -0.61      1.28      2.93    -102.50      2.04     83.81  
      0.04     -0.95     -0.17      -1.04     -0.37      3.23    -102.53      2.07     83.83  
      0.04     -0.95     -0.16      -0.24     -0.55      2.99    -102.46      2.08     83.89  
      0.05     -0.95     -0.17      -1.34     -0.31      2.69    -102.41      2.08     83.95  
      0.05     -0.95     -0.16      -1.16     -0.18      2.81    -102.28      2.07     84.02  
      0.05     -0.95     -0.16      -1.83      0.31      2.62    -102.26      2.08     84.02  
      0.04     -0.95     -0.17      -0.85      0.55      3.36    -102.41      2.07     83.99  
      0.04     -0.95     -0.16      -1.10      1.71      3.30    -102.35      2.08     83.88  
      0.04     -0.95     -0.16       0.00      2.26      3.17    -102.24      2.09     83.75  
      0.04     -0.95     -0.16      -0.79      1.10      3.05    -102.11      2.11     83.65  
      0.04     -0.95     -0.16      -2.26     -0.06      3.30    -102.10      2.13     83.65  
      0.05     -0.95     -0.17      -1.10      1.34      3.42    -102.18      2.16     83.68  
      0.04     -0.95     -0.16      -1.59      1.65      2.87    -102.12      2.15     83.62  
      0.04     -0.95     -0.15      -2.14      0.73      3.30    -102.13      2.14     83.58  
      0.04     -0.95     -0.15      -2.32      0.98      2.99    -102.15      2.14     83.60  
      0.04     -0.95     -0.16      -2.14      0.92      2.99    -102.18      2.14     83.59  
      0.04     -0.95     -0.16      -1.28      0.73      3.17    -102.21      2.16     83.55  
      0.04     -0.95     -0.16      -1.53      0.31      3.11    -102.19      2.18     83.52  
      0.04     -0.95     -0.16      -1.83      0.00      2.93    -102.20      2.19     83.55  
      0.04     -0.95     -0.16      -1.71      0.61      3.11    -102.22      2.20     83.55  
      0.04     -0.95     -0.16      -2.26      0.79      3.30    -102.24      2.21     83.53  
      0.04     -0.95     -0.16      -0.61      1.46      2.99    -102.19      2.21     83.47  
      0.04     -0.95     -0.16      -1.16      1.46      3.66    -102.13      2.21     83.36  
      0.04     -0.95     -0.15      -0.79      1.83      3.66    -102.03      2.23     83.24  
      0.04     -0.95     -0.16      -1.53      1.22      3.60    -101.94      2.28     83.10  
      0.04     -0.95     -0.15      -0.79      1.77      3.54    -101.89      2.33     82.98  
      0.04     -0.95     -0.15      -1.34      1.16      3.54    -101.89      2.38     82.86  
      0.04     -0.95     -0.15      -1.77      0.98      3.17    -101.87      2.39     82.82  
      0.04     -0.95     -0.16      -2.69      0.73      3.05    -101.94      2.38     82.82  
      0.04     -0.95     -0.16      -2.75      0.67      2.75    -102.05      2.37     82.81  
      0.04     -0.95     -0.16      -3.72     -0.06      2.75    -102.21      2.33     82.91  
      0.04     -0.95     -0.16      -3.30      0.55      3.30    -102.43      2.30     82.96  
      0.04     -0.94     -0.16      -4.82      0.55      2.75    -102.62      2.27     82.97  
      0.04     -0.94     -0.17      -5.13      1.22      2.44    -102.97      2.24     82.99  
      0.04     -0.94     -0.18      -3.78      0.73      2.14    -103.25      2.18     82.96  
      0.04     -0.94     -0.18      -3.23      0.73      2.87    -103.48      2.12     83.02  
      0.04     -0.94     -0.18      -1.83      1.28      3.36    -103.59      2.14     83.01  
      0.04     -0.94     -0.18      -1.22      0.98      3.30    -103.63      2.19     83.01  
      0.04     -0.94     -0.18      -0.85      0.85      2.93    -103.62      2.19     83.03  
      0.05     -0.94     -0.18      -0.73      1.04      3.11    -103.52      2.18     83.03  
      0.04     -0.94     -0.19       0.18      0.18      3.05    -103.46      2.19     82.99  
      0.04     -0.94     -0.18       1.10     -0.24      3.54    -103.29      2.21     83.03  
      0.04     -0.95     -0.18      -0.73      0.24      3.78    -103.17      2.26     83.07  
      0.04     -0.95     -0.18      -0.61     -0.43      3.85    -103.06      2.33     83.13  
      0.04     -0.94     -0.17      -0.24     -0.49      3.66    -102.89      2.42     83.17  
      0.04     -0.95     -0.17       0.24     -0.43      3.54    -102.75      2.50     83.27  
      0.04     -0.95     -0.16       0.85     -0.06      3.48    -102.55      2.57     83.36  
      0.03     -0.95     -0.16       2.32      0.06      3.60    -102.24      2.64     83.35  
      0.04     -0.95     -0.16       0.73     -0.18      3.91    -101.87      2.73     83.43  
      0.04     -0.95     -0.15       1.83      1.10      3.72    -101.55      2.85     83.43  
      0.03     -0.95     -0.14       2.44      1.77      3.30    -101.21      2.89     83.30  
      0.03     -0.96     -0.13       4.52      1.40      2.38    -100.73      2.86     83.26  
      0.03     -0.96     -0.12       3.48      2.14      2.56    -100.17      2.77     83.15  
      0.03     -0.96     -0.11       3.05      2.01      2.99     -99.64      2.74     82.99
      0.06     -0.93     -0.23      -1.22      1.71      3.11    -106.58      0.94     82.80  
      0.06     -0.93     -0.23      -0.06      1.34      3.05    -106.42      0.94     82.74  
      0.06     -0.93     -0.23      -1.59      0.12      2.81    -106.32      0.93     82.69  
      0.06     -0.93     -0.23      -0.98     -0.24      2.81    -106.33      0.94     82.79  
      0.06     -0.93     -0.23      -2.08     -1.16      2.87    -106.30      0.96     82.94  
      0.06     -0.93     -0.24      -2.62     -2.62      2.69    -106.35      0.99     83.16  
      0.06     -0.93     -0.23      -1.34     -2.01      2.14    -106.38      1.01     83.39  
      0.06     -0.93     -0.22       1.65     -1.59      3.11    -106.25      1.06     83.63  
      0.06     -0.93     -0.21       5.86      1.65      3.85    -105.74      1.13     83.66  
      0.06     -0.92     -0.22       2.14      2.69      4.27    -105.21      1.17     83.39  
      0.07     -0.94     -0.23       3.85      2.99      6.41    -105.02      1.33     83.34  
      0.05     -0.93     -0.19       6.04      4.46      4.09    -104.25      1.45     82.98  
      0.05     -0.93     -0.17       0.12      1.46      3.11    -103.72      1.47     82.80  
      0.05     -0.95     -0.19      -2.99      0.61      3.42    -103.72      1.49     82.67  
      0.06     -0.94     -0.18       2.87      3.30      5.25    -103.33      1.55     82.46  
      0.06     -0.95     -0.17       4.46      2.44      6.10    -102.84      1.73     82.23  
      0.04     -0.94     -0.13       2.69      1.22      2.38    -102.18      1.82     81.91  
      0.03     -0.96     -0.14      -0.43     -3.05      2.20    -101.98      1.90     82.20  
      0.05     -0.95     -0.15      -0.73     -5.62      1.59    -101.81      1.94     82.85  
      0.05     -0.95     -0.15      -0.79     -4.03      0.92    -101.76      1.88     83.45  
      0.05     -0.95     -0.14      -2.56     -3.42      2.08    -101.66      1.79     83.79  
      0.05     -0.96     -0.16      -2.08     -2.56      2.56    -101.80      1.77     84.13  
      0.05     -0.94     -0.15      -4.27     -1.95      2.69    -101.79      1.74     84.31  
      0.05     -0.95     -0.17      -1.95      0.18      2.81    -102.06      1.76     84.44  
      0.06     -0.95     -0.16      -1.53      1.28      2.62    -102.07      1.72     84.41  
      0.05     -0.95     -0.16      -1.40      2.81      3.23    -102.16      1.72     84.31  
      0.05     -0.95     -0.16      -2.14      3.17      3.42    -102.18      1.74     84.12  
      0.04     -0.95     -0.16      -3.30      0.98      4.27    -102.30      1.84     83.97  
      0.05     -0.95     -0.18      -3.36      0.00      3.72    -102.50      1.96     83.89  
      0.04     -0.94     -0.16      -0.61      1.28      2.93    -102.50      2.04     83.81  
      0.04     -0.95     -0.17      -1.04     -0.37      3.23    -102.53      2.07     83.83  
      0.04     -0.95     -0.16      -0.24     -0.55      2.99    -102.46      2.08     83.89  
      0.05     -0.95     -0.17      -1.34     -0.31      2.69    -102.41      2.08     83.95  
      0.05     -0.95     -0.16      -1.16     -0.18      2.81    -102.28      2.07     84.02  
      0.05     -0.95     -0.16      -1.83      0.31      2.62    -102.26      2.08     84.02  
      0.04     -0.95     -0.17      -0.85      0.55      3.36    -102.41      2.07     83.99  
      0.04     -0.95     -0.16      -1.10      1.71      3.30    -102.35      2.08     83.88  
      0.04     -0.95     -0.16       0.00      2.26      3.17    -102.24      2.09     83.75  
      0.04     -0.95     -0.16      -0.79      1.10      3.05    -102.11      2.11     83.65  
      0.04     -0.95     -0.16      -2.26     -0.06      3.30    -102.10      2.13     83.65  
      0.05     -0.95     -0.17      -1.10      1.34      3.42    -102.18      2.16     83.68  
      0.04     -0.95     -0.16      -1.59      1.65      2.87    -102.12      2.15     83.62  
      0.04     -0.95     -0.15      -2.14      0.73      3.30    -102.13      2.14     83.58  
      0.04     -0.95     -0.15      -2.32      0.98      2.99    -102.15      2.14     83.60  
      0.04     -0.95     -0.16      -2.14      0.92      2.99    -102.18      2.14     83.59  
      0.04     -0.95     -0.16      -1.28      0.73      3.17    -102.21      2.16     83.55  
      0.04     -0.95     -0.16      -1.53      0.31      3.11    -102.19      2.18     83.52  
      0.04     -0.95     -0.16      -1.83      0.00      2.93    -102.20      2.19     83.55  
      0.04     -0.95     -0.16      -1.71      0.61      3.11    -102.22      2.20     83.55  
      0.04     -0.95     -0.16      -2.26      0.79      3.30    -102.24      2.21     83.53  
      0.04     -0.95     -0.16      -0.61      1.46      2.99    -102.19      2.21     83.47  
      0.04     -0.95     -0.16      -1.16      1.46      3.66    -102.13      2.21     83.36  
      0.04     -0.95     -0.15      -0.79      1.83      3.66    -102.03      2.23     83.24  
      0.04     -0.95     -0.16      -1.53      1.22      3.60    -101.94      2.28     83.10  
      0.04     -0.95     -0.15      -0.79      1.77      3.54    -101.89      2.33     82.98  
      0.04     -0.95     -0.15      -1.34      1.16      3.54    -101.89      2.38     82.86  
      0.04     -0.95     -0.15      -1.77      0.98      3.17    -101.87      2.39     82.82  
      0.04     -0.95     -0.16      -2.69      0.73      3.05    -101.94      2.38     82.82  
      0.04     -0.95     -0.16      -2.75      0.67      2.75    -102.05      2.37     82.81  
      0.04     -0.95     -0.16      -3.72     -0.06      2.75    -102.21      2.33     82.91  
      0.04     -0.95     -0.16      -3.30      0.55      3.30    -102.43      2.30     82.96  
      0.04     -0.94     -0.16      -4.82      0.55      2.75    -102.62      2.27     82.97  
      0.04     -0.94     -0.17      -5.13      1.22      2.44    -102.97      2.24     82.99  
      0.04     -0.94     -0.18      -3.78      0.73      2.14    -103.25      2.18     82.96  
      0.04     -0.94     -0.18      -3.23      0.73      2.87    -103.48      2.12     83.02  
      0.04     -0.94     -0.18      -1.83      1.28      3.36    -103.59      2.14     83.01  
      0.04     -0.94     -0.18      -1.22      0.98      3.30    -103.63      2.19     83.01  
      0.04     -0.94     -0.18      -0.85      0.85      2.93    -103.62      2.19     83.03  
      0.05     -0.94     -0.18      -0.73      1.04      3.11    -103.52      2.18     83.03  
      0.04     -0.94     -0.19       0.18      0.18      3.05    -103.46      2.19     82.99  
      0.04     -0.94     -0.18       1.10     -0.24      3.54    -103.29      2.21     83.03  
      0.04     -0.95     -0.18      -0.73      0.24      3.78    -103.17      2.26     83.07  
      0.04     -0.95     -0.18      -0.61     -0.43      3.85    -103.06      2.33     83.13  
      0.04     -0.94     -0.17      -0.24     -0.49      3.66    -102.89      2.42     83.17  
      0.04     -0.95     -0.17       0.24     -0.43      3.54    -102.75      2.50     83.27  
      0.04     -0.95     -0.16       0.85     -0.06      3.48    -102.55      2.57     83.36  
      0.03     -0.95     -0.16       2.32      0.06      3.60    -102.24      2.64     83.35  
      0.04     -0.95     -0.16       0.73     -0.18      3.91    -101.87      2.73     83.43  
      0.04     -0.95     -0.15       1.83      1.10      3.72    -101.55      2.85     83.43  
      0.03     -0.95     -0.14       2.44      1.77      3.30    -101.21      2.89     83.30  
      0.03     -0.96     -0.13       4.52      1.40      2.38    -100.73      2.86     83.26  
      0.03     -0.96     -0.12       3.48      2.14      2.56    -100.17      2.77     83.15  
      0.03     -0.96     -0.11       3.05      2.01      2.99     -99.64      2.74     82.99
      0.06     -0.93     -0.23      -1.22      1.71      3.11    -106.58      0.94     82.80  
      0.06     -0.93     -0.23      -0.06      1.34      3.05    -106.42      0.94     82.74  
      0.06     -0.93     -0.23      -1.59      0.12      2.81    -106.32      0.93     82.69  
      0.06     -0.93     -0.23      -0.98     -0.24      2.81    -106.33      0.94     82.79  
      0.06     -0.93     -0.23      -2.08     -1.16      2.87    -106.30      0.96     82.94  
      0.06     -0.93     -0.24      -2.62     -2.62      2.69    -106.35      0.99     83.16  
      0.06     -0.93     -0.23      -1.34     -2.01      2.14    -106.38      1.01     83.39  
      0.06     -0.93     -0.22       1.65     -1.59      3.11    -106.25      1.06     83.63  
      0.06     -0.93     -0.21       5.86      1.65      3.85    -105.74      1.13     83.66  
      0.06     -0.92     -0.22       2.14      2.69      4.27    -105.21      1.17     83.39  
      0.07     -0.94     -0.23       3.85      2.99      6.41    -105.02      1.33     83.34  
      0.05     -0.93     -0.19       6.04      4.46      4.09    -104.25      1.45     82.98  
      0.05     -0.93     -0.17       0.12      1.46      3.11    -103.72      1.47     82.80  
      0.05     -0.95     -0.19      -2.99      0.61      3.42    -103.72      1.49     82.67  
      0.06     -0.94     -0.18       2.87      3.30      5.25    -103.33      1.55     82.46  
      0.06     -0.95     -0.17       4.46      2.44      6.10    -102.84      1.73     82.23  
      0.04     -0.94     -0.13       2.69      1.22      2.38    -102.18      1.82     81.91  
      0.03     -0.96     -0.14      -0.43     -3.05      2.20    -101.98      1.90     82.20  
      0.05     -0.95     -0.15      -0.73     -5.62      1.59    -101.81      1.94     82.85  
      0.05     -0.95     -0.15      -0.79     -4.03      0.92    -101.76      1.88     83.45  
      0.05     -0.95     -0.14      -2.56     -3.42      2.08    -101.66      1.79     83.79  
      0.05     -0.96     -0.16      -2.08     -2.56      2.56    -101.80      1.77     84.13  
      0.05     -0.94     -0.15      -4.27     -1.95      2.69    -101.79      1.74     84.31  
      0.05     -0.95     -0.17      -1.95      0.18      2.81    -102.06      1.76     84.44  
      0.06     -0.95     -0.16      -1.53      1.28      2.62    -102.07      1.72     84.41  
      0.05     -0.95     -0.16      -1.40      2.81      3.23    -102.16      1.72     84.31  
      0.05     -0.95     -0.16      -2.14      3.17      3.42    -102.18      1.74     84.12  
      0.04     -0.95     -0.16      -3.30      0.98      4.27    -102.30      1.84     83.97  
      0.05     -0.95     -0.18      -3.36      0.00      3.72    -102.50      1.96     83.89  
      0.04     -0.94     -0.16      -0.61      1.28      2.93    -102.50      2.04     83.81  
      0.04     -0.95     -0.17      -1.04     -0.37      3.23    -102.53      2.07     83.83  
      0.04     -0.95     -0.16      -0.24     -0.55      2.99    -102.46      2.08     83.89  
      0.05     -0.95     -0.17      -1.34     -0.31      2.69    -102.41      2.08     83.95  
      0.05     -0.95     -0.16      -1.16     -0.18      2.81    -102.28      2.07     84.02  
      0.05     -0.95     -0.16      -1.83      0.31      2.62    -102.26      2.08     84.02  
      0.04     -0.95     -0.17      -0.85      0.55      3.36    -102.41      2.07     83.99  
      0.04     -0.95     -0.16      -1.10      1.71      3.30    -102.35      2.08     83.88  
      0.04     -0.95     -0.16       0.00      2.26      3.17    -102.24      2.09     83.75  
      0.04     -0.95     -0.16      -0.79      1.10      3.05    -102.11      2.11     83.65  
      0.04     -0.95     -0.16      -2.26     -0.06      3.30    -102.10      2.13     83.65  
      0.05     -0.95     -0.17      -1.10      1.34      3.42    -102.18      2.16     83.68  
      0.04     -0.95     -0.16      -1.59      1.65      2.87    -102.12      2.15     83.62  
      0.04     -0.95     -0.15      -2.14      0.73      3.30    -102.13      2.14     83.58  
      0.04     -0.95     -0.15      -2.32      0.98      2.99    -102.15      2.14     83.60  
      0.04     -0.95     -0.16      -2.14      0.92      2.99    -102.18      2.14     83.59  
      0.04     -0.95     -0.16      -1.28      0.73      3.17    -102.21      2.16     83.55  
      0.04     -0.95     -0.16      -1.53      0.31      3.11    -102.19      2.18     83.52  
      0.04     -0.95     -0.16      -1.83      0.00      2.93    -102.20      2.19     83.55 